100 10 4  4000
30.231 120.106 992.449
154.317 133.098 1061.820
57.688 160.155 972.775
18.170 149.196 1060.816
143.022 135.170 1036.571
171.611 187.381 1032.843
128.389 70.937 982.736
148.706 165.703 932.696
129.125 185.412 985.022
125.029 51.462 1004.048
18.316 26.353 1043.525
67.187 163.637 964.628
92.300 164.241 1023.841
57.771 57.465 947.431
18.962 185.248 1004.613
133.895 62.163 973.105
123.849 43.004 947.450
55.674 128.644 976.307
31.629 46.949 1040.807
26.403 60.528 988.293
127.061 121.250 1007.399
11.639 76.113 966.158
5.759 15.325 973.456
50.428 118.697 1012.382
158.842 71.223 925.345
40.135 139.520 982.766
198.707 137.508 1063.556
49.186 195.983 988.083
190.960 157.909 1024.792
52.962 147.733 1050.728
22.787 52.575 1001.316
28.379 73.923 1009.313
189.924 155.098 966.451
107.116 14.944 1030.135
155.999 90.000 1012.569
180.450 119.934 962.950
15.166 83.584 1020.344
67.992 178.973 874.709
49.587 135.904 956.312
58.590 36.049 970.299
171.794 28.030 1110.754
52.981 188.638 964.867
180.875 114.953 1040.186
134.925 109.902 1002.032
173.952 15.850 1039.681
173.309 22.304 1047.274
149.548 98.621 1019.420
68.626 5.871 1012.094
38.614 95.298 1040.472
92.754 64.975 989.127
10.567 137.825 995.360
2.258 130.496 1031.215
147.338 84.397 1101.450
54.047 46.171 1078.971
160.455 183.109 919.464
180.295 1.278 942.673
66.960 159.961 1060.263
143.322 90.197 1009.525
3.139 133.508 1033.009
73.352 182.738 955.000
18.170 60.714 913.793
31.139 127.749 978.696
135.151 37.828 949.063
19.136 17.688 1002.821
43.454 190.789 1041.299
20.797 139.964 954.124
106.391 125.933 1093.084
166.982 13.415 931.955
5.515 20.638 1087.802
22.796 81.311 1000.789
11.354 68.700 979.425
80.984 2.764 1104.758
49.845 179.869 1013.387
131.591 165.247 1039.924
76.962 82.465 1033.517
91.246 1.292 1069.065
132.624 94.095 992.455
172.597 153.199 1103.672
142.029 6.159 1003.493
36.510 155.616 1012.878
97.309 155.513 967.520
144.166 44.883 1086.459
19.163 103.470 918.343
147.871 49.712 948.813
182.045 20.688 996.614
57.914 152.381 1009.544
62.920 13.172 1079.618
114.202 51.558 1013.851
57.203 10.216 1039.500
151.065 59.795 991.479
31.313 35.659 928.705
147.431 10.619 1064.827
136.351 52.013 995.412
86.088 198.795 949.729
190.660 194.480 899.272
63.096 22.615 1037.751
64.869 127.722 1004.595
18.639 131.780 966.965
125.414 45.218 940.808
124.031 100.894 992.067
0.000 19.786 10615.383
125.168 0.000 9976.513
200.000 12.629 9346.622
59.454 200.000 9258.450
